23989259
8346196
9206994
8628317
1870208
17982102
25628777
18289041
8411358
9326610
2544881
1281549
9566883
8978686
8978681
25674212
8131746
9736735
15967120
18708753
11988841
8618896
21857842
11988847
20606252
11939591
2902784
21965721
10454555
25031732
10051605
10022904
10454553
1321290
9020890
9456324
25120748
10648616
10449753
22375084
26191267
24040454
16229803
18714005
23696920
1717994
6328282
6304729
2987962
6549046
10757792
7933095
2141171
10871282
2991899
24403857
9832031
20491625
12080186
20491627
8170997
8990187
2991860
1848304
8552640
10783161
7479769
8394019
26191193
7815442
25120743
10958679
1375321
10069803
14971566
10330166
10330164
24294370
10097090
24348212
19390654
18726004
9671804
1396589
20689758
1396585
7536927
1327751
10791974
8631303
7891724
17436385
19578553
1379731
1655405
9832502
9832503
8962058
24551292
25973055
24551297
10557308
10938106
24551298
10922060
9113989
9343168
9858607
10364160
18708755
10644344
18516291
20806045
9154808
7603984
9311822
10468583
1986371
8774134
19018001
24551274
24551275
10766737
8248197
9819434
8918811
8642313
8388538
20834067
11073989
10982879
7623849
22131882
11597317
7760804
8870681
21850183
7689147
11328884
1508179
10618391
3540591
10766742
8756624
8756626
21750647
10965846
10769036
18642445
12890807
3088563
20724730
19048123
10760291
9465025
23401653
20072652
8196632
11157984
9632747
20811532
8649368
8413249
8207801
8207805
7853525
9472029
22952422
1465435
3670300
11136824
11171044
11171046
2162480
8452530
7708691
7530656
16116232
8139561
11839584
8641286
10409732
2663470
9724739
9207128
10606656
11073968
11058115
9843575
6087347
10523642
11368773
10523647
19649205
9653180
19649206
18472967
9490791
11149925
20301557
21076620
8253073
10805733
10790433
20160477
8943344
18981090
8943348
8618861
9049247
12084347
20495378
10958680
20301488
11094070
10749680
8887682
7816602
20876941
10913192
24427347
2263646
1347942
7761466
9348292
20126471
10995387
10995386
10995389
1347949
7807015
25674293
25674291
25129997
18231634
1406630
8393783
26045840
23441118
12907731
9774682
7651436
8395016
21264233
10779352
10779353
19556867
11257115
20301399
2491776
10373529
25755752
10207050
8384556
8643455
10953014
8643452
11027258
24817946
9887101
23696935
7847369
7556090
10051431
10528858
9159119
9159118
9199321
3101064
20935493
9566894
24294363
9566892
24294366
9841871
8388547
10200280
8114739
22577344
22904680
25755728
10548550
20081374
7597059
8246995
10022910
9971775
8246996
3023956
26191214
26191215
25197873
1352883
8816480
1600943
9990034
7504175
7504174
16229810
12659685
10733529
8491184
9371639
8491186
11266467
8151786
8643691
9891051
25337201
9356475
9689060
20372802
21248371
20372806
11964172
7494249
10823953
21321378
10518542
24966925
26191320
10330178
7753825
1801921
10620604
8533757
7823959
25400755
25400754
25400752
7523419
10559302
26191287
26191286
1923798
12081504
10982368
7540136
9742218
17062749
9789045
23871709
10579713
17898861
9380510
8709288
8524240
24040448
7688126
12100744
8113688
25031700
9858615
9806882
9671498
10339564
10339567
10364159
24551307
9649500
8041791
8657154
19276677
8657151
9658162
2991749
9128241
20301680
10359664
2995967
10995442
19029836
9334338
2108320
9566895
8127873
23761726
7760813
8552658
12762840
9223324
10500182
2829178
8825920
25337237
20301303
26191304
9560245
8551605
3033665
9372912
9418871
24966917
18635970
3001719
25337234
25337233
25337231
9802988
9121475
11326318
9121472
21042715
9372945
1756735
10805734
10468606
23359207
10468603
1454855
18953432
9151883
9528769
8654373
10805725
8657152
8756646
6578511
8255752
8139570
1699228
1280823
6396087
9724724
6308640
9207092
8665852
6714223
20009532
8137811
11062054
9922454
2144364
8413226
7692230
22787429
9016624
7809080
7809086
10523633
20301540
10913176
10499918
11311142
11602639
1935897
9016559
2554327
10490602
10490605
3894933
11042152
18769113
12084746
12084351
8570614
8627654
9679063
23138171
20301499
9520479
7537849
9355745
9337844
25120802
19822090
10227394
8419945
18392133
3025664
10402467
9448006
10455013
1549493
10220381
20301334
1313574
9925618
20301331
19807657
7517562
7892279
9566959
9811831
24387336
17505536
7739547
24427333
10816433
3047672
8692915
10373510
7739548
6092920
10779345
2479553
3627975
10779342
6954533
25554796
6086315
20301425
7972015
25509983
8645140
11046155
8521827
23696923
10477752
18953404
25674238
7688466
11094089
10970810
11943137
10713183
22289634
10637318
11950811
7686617
10207078
22431922
8524317
23914042
22241957
1827203
6574479
8890167
18490749
10454575
7542744
7542745
19483472
23397021
22934707
1682919
21151390
21170264
10684856
21170262
8622701
9744860
21677879
8622660
10449770
20375469
8631302
19471602
8052599
19471604
16369438
25674245
8128956
10377264
10856193
1383690
3166375
8643566
8016121
9671712
7500025
9860976
9356464
23119114
8644752
8317503
10611322
18334933
8428580
18084622
25400766
25400764
8918464
9751706
8076603
8790371
8246987
9705499
9188558
21317463
8506364
12711675
20508865
18059158
9152842
10644332
12384595
26191303
19411846
7935440
8676466
9298992
9789079
8962078
25197379
8896460
19275587
11917009
10323868
8524278
24040459
10783165
7629518
10620507
12181777
19106611
9113980
10411883
8709193
20845286
11076863
10866658
8972225
8657141
8657142
9128250
10698680
7938008
9621091
11094073
1378617
8346255
10209029
7777531
8649427
2662142
21043826
18516295
15951850
1656221
23413122
18516290
23308053
23308052
23308051
7935417
25337204
1992489
21750659
9488479
19596916
7516469
9372954
19001859
18320074
12466551
8255759
10346818
18592003
18592002
11739785
6321164
8617235
7623830
2839831
7537275
8230424
9042914
20301782
10525536
19050283
2511004
10567572
8633037
9150173
10866661
10409750
22952425
20301650
19881948
11085743
9405613
9271120
9307968
24324055
7809090
1851997
7682763
8443409
25197367
20301534
20301533
19018007
23826411
11691922
7862111
10193515
11839717
19564927
18769160
9660858
22952420
22952421
1309608
1315125
8846788
11853560
3029685
10220378
9710587
2850496
12890739
7743995
9710583
20301625
20301628
9190208
25120810
9710588
7651417
7651415
7556070
16896365
8900242
1312467
20301443
3413073
26045865
3821733
6587382
10848612
10848610
17436386
10662792
7889942
1709094
8344248
10662798
7862168
11716761
19017982
20038818
10601328
9234708
10224278
7666555
20038816
20038817
20490331
11046142
24817968
1508666
9284049
26937548
24027428
9315635
11114888
11027273
25597360
8230483
24027430
24027431
24027432
24027435
22977662
8035810
22431917
9774657
2247464
25120812
8114715
21537090
10454565
7623846
10454562
10775602
10454568
7887414
17786186
20072648
10629029
9447973
19568409
19568408
10648629
8622677
9371615
8157000
7544435
10318892
9808624
8013454
9632813
11802788
8644708
8628286
9882380
10377409
22515118
19784392
23249808
19440053
24339725
8628261
18719392
8816458
21179427
19724911
11892796
10611234
8464713
25400776
18084613
10712510
9744883
8116621
21191146
10618392
9487125
10393912
9032233
8947469
1870099
10500095
10893266
25400812
9499405
11102515
8631299
8668206
11070003
9298982
8382612
25973003
21969819
19377290
18466468
2948189
7891711
8895579
9223517
16517725
9891054
20157535
26191315
20157537
1924354
10197981
20009574
10454584
8475068
8552632
9732264
8887674
8990175
8524328
10760274
9311810
24511017
23946963
7760835
1833629
7732011
8649418
11839806
9032261
8022809
11839802
9032266
8910345
6096811
7777526
20878064
1715669
11333291
19212654
8602361
1631061
12364596
20224733
7957046
9315650
15972952
18813348
9770464
10958676
3283705
1383230
23353623
22355256
11222751
22355253
24982332
1334406
9372967
9372966
8610110
11408587
7744004
24133589
23177619
8617242
11739795
11684722
10655477
8617246
18802408
8612585
8139559
1639063
11839798
24966948
8887653
20036812
3043188
9653190
10888683
10521394
1409633
9819392
10409742
10409740
9528793
16192649
20827430
9482880
10642499
1371879
18583941
11000244
19946469
10947953
25755776
20301520
9207057
12582232
1848668
10748870
2847145
23730208
8692842
8692841
7685273
8649391
24791139
25550804
9003781
8058745
9520412
20936779
8861969
8668211
8423786
20589169
20301636
10848585
11696592
19305157
9566873
10468612
20038977
21212465
7556068
7509360
2993863
7651818
10207088
7937919
24228118
23358872
9689056
8628291
9689053
10673502
7692233
19794963
10673501
7692236
7935386
7739560
19755855
10888662
3822842
17237407
10082566
10733581
11046132
10082561
23363784
2430795
7474112
23555186
23555182
11294897
1614856
19242610
24696723
18953429
10085298
1683701
7687739
9819385
9819383
8976194
11266449
23908594
23908595
23908596
23908597
23908590
18646312
10330152
8035825
9447983
22219649
9447984
21892329
10318905
4092695
8755924
8917547
10995432
7506413
9837816
1383236
17928923
11003655
3529082
9326629
9396813
14511403
25674264
2827175
14511407
7739549
9584180
18719367
2176151
15967112
9267807
22471661
9279753
3011420
25550848
25973080
7542657
20019837
9380698
17356711
8170954
11535131
10432301
8825048
8628277
10737800
8825042
7597091
17710156
9148763
10611223
9144171
23814485
10629042
8475101
10580009
9178006
21738398
8794306
19107233
25550842
10716992
19107232
9632781
2352949
10579725
9753728
8599935
9724731
8384717
19377286
23730214
23730215
16331889
8816502
25120779
9447996
21042727
7588608
7859743
25031736
25120774
20306448
8207793
9343261
16179347
9380701
8112292
10825186
8710853
8816443
8986812
21532887
17940634
19817696
10330410
7689150
8670846
9882350
23271007
8816756
8816758
24695460
7544002
9789027
15743789
9710607
11003669
8326490
25973060
8382774
9621077
7969158
1646396
7680095
20301772
25031742
25031743
9858559
9256433
9256431
1679237
21750655
9343414
10465786
11408594
10891493
9501179
21750651
3856237
9990852
25597359
8217609
10436018
25597354
10507724
2946935
25597357
1448082
11104681
25597353
10679027
2217184
11470874
25550888
10805771
10523675
21228927
8920860
1653029
24860943
25337259
24966959
25337278
11256947
26097572
10642527
9250404
9150155
9150152
25613138
9528781
20157617
19649203
9254654
9528787
10359574
21383955
9121430
10669731
20011629
26097581
8305738
2859520
26097584
9151826
9569035
20301288
8879209
25713627
1333047
1661671
14511408
1676673
9234717
11042121
1652059
1505523
10725332
3887133
10579722
10567526
2834731
19713748
10459020
8649363
8386367
3057505
18472962
20505321
18472966
10958683
8393135
10848598
1545828
16036110
1549468
10196247
7799941
9811849
10207051
1545823
10207054
1850098
22734169
8692946
8692945
2108863
10330411
3131765
10848576
2005887
9618490
8887676
9094628
1673792
8321198
9271440
8389468
18953439
11774038
11988087
12434001
11774034
1762941
23168703
9472014
9472015
2138977
7720704
1330535
7518772
23168708
1705009
19755862
19484147
7791764
7538672
11696595
9736715
9443979
10077576
18594198
9705962
7791787
21348050
25120782
6324165
9122198
8651278
10618369
6098458
10082581
15846069
1717825
8108442
20945555
9315663
22558483
9110174
3031469
10082579
7568038
20372076
15111320
7568034
8521818
25755711
15967108
16242075
18677108
6504041
18282133
16242072
8096058
10318918
2172978
9512493
9108011
8816475
10022926
1331501
10677502
2153075
8622988
10022928
4006916
6320174
10373512
10629059
7687537
7903056
10629055
9111314
1339341
7688794
25657994
18418043
12765336
19190782
10880350
23633918
8552662
7479742
6324175
23730206
20204287
8763994
2477241
1583734
11124804
25120769
9891079
9891077
20126473
2320002
25400722
10074203
8657117
8755520
9144196
8710867
10373536
9632788
22876373
9632782
11748279
9632780
1631137
21847362
10848592
22131876
8262059
10827109
7737129
10640274
22558472
21179235
11303621
22131879
7507245
25973078
22171160
25635535
2835772
9032240
9895304
9858547
8423803
7935374
1847508
11044099
25031754
9488446
9765203
8090726
20301588
8413296
3003687
1922062
7935391
9131587
12034820
1675006
19639181
11085924
9565634
8146197
21577328
11937636
9819414
19107227
20370686
10570174
9808620
1385111
19107228
8417346
7685104
21228930
11157975
9445037
7644510
7542742
9199174
9342365
11470869
1915267
9687533
1714386
21814482
17102589
8094051
26045752
25337244
1681519
2159626
20301725
2167437
11489943
11879560
24348097
8986819
11389695
10669724
11389691
2997781
8622669
10716983
8755943
7777512
10490649
9685505
19794957
20032390
20589130
8551580
10749676
8947043
24966967
10220405
23330001
23330000
20301592
1944282
20582225
8265339
9658081
1314164
20301594
9636170
20301612
7565735
9892650
20301753
9271594
7935455
11062068
8741839
2050119
20301471
8670803
8670801
24228132
8065335
8434021
7556080
20072654
7651420
3540945
10880354
20224722
7518560
7529874
7724524
20224721
7529876
20670598
8876196
1631151
18769124
11903040
12474142
11903042
8943363
11916499
11903046
10888643
20301509
8197172
10713175
9679057
7800480
7539137
22626691
11988074
20126416
9154803
9405631
11425872
1380456
1406655
8544190
2172781
10393859
8289399
12524418
3037531
22135723
18158561
7524086
8332455
3785218
11257130
1322130
11027293
2987839
24133584
9539746
10562288
8290595
9122188
10727462
21321422
3480530
19106603
8313897
2554309
22076173
9811893
22028615
9315679
1372092
18832707
1374067
6289315
18087219
10090723
10417350
8932363
10377430
17211494
7882972
2984676
23923067
18677110
18677112
22949938
8816460
8441377
7694229
20157532
8643625
26191276
11171059
10594015
7690421
10629060
26191279
10891503
10891505
19098431
10866689
9371798
16969076
7525595
16354586
8058751
8389479
11853558
9223487
10648599
11095689
9001246
8623910
3785223
18785313
7511210
2369896
2187191
9891069
1697263
9725910
11208867
17505559
8439212
7624324
8709241
11090181
10207103
10485918
8962087
21321384
10330159
20301318
9199329
17957141
1712480
10698692
20019839
11597326
9050835
20019835
9050838
19165419
18645608
20514470
7969176
2189724
10922056
7512734
7935368
18670643
25400829
22670178
3039351
22670177
10521396
10400814
11809887
7668257
8942979
8194526
11073990
9719378
18453587
11896572
9742112
1334459
12034830
24695690
11494117
7588596
21110830
10611247
6672765
8670865
24830046
9050849
11988839
10611249
18714395
8657103
3194415
9852145
9852149
21666281
8159685
12771218
18071589
9560267
10669745
25197357
26097553
9560268
21750652
7681589
9858587
7520523
8755496
8039504
1630903
1527859
1545818
20606732
8577769
1647028
10191262
10574462
19050264
19738422
8278403
8816797
8816798
10708425
9121455
11459832
22937208
22665975
9858585
24228126
18802113
7708685
19502793
8246997
19355923
10209036
8380895
10432313
9618511
22364303
1518839
8386265
20301661
24453288
9820826
10982866
9566900
1384039
2601691
7799925
20963938
10022874
7799929
11149930
2377625
1448092
11311121
2196171
8202514
7739537
8605870
1380281
1349175
16026643
8554067
7644498
8355693
9480911
11903059
10620516
18604178
7729429
7729426
25337277
18604177
7862126
7862125
8644702
19729990
10938118
8610109
8670882
2555154
19020765
2573522
10938113
20301368
14655753
23411580
19048115
1720539
2955285
10995390
20301575
9465032
7848298
8670861
26045855
17785772
21403836
1903538
19048112
7687743
10373534
19017978
10373531
20301365
19513552
11027280
2819873
10779361
9847309
