24284390
25527973
25588053
25712293
26098881
22375552
20492696
24390342
21380933
25736055
26252300
24945379
24013949
25730904
24009080
25730907
9456324
22375084
24658061
24204267
24848107
20160719
23424671
19838296
20021639
22713664
25277244
20974850
22572014
20470368
25380055
20955560
25367122
21986318
19798056
24586197
22442671
19828042
22064833
20668449
16479062
24929539
22070920
23604351
21063465
25879784
18655729
23672255
25003661
25003667
11044354
22194995
12370245
21532592
20834067
17567906
11518545
23863879
23660947
23166356
23176370
23356234
16880779
18781178
22790202
22974441
17606868
24442637
24631457
25275651
11961303
23237773
23301044
23557218
25323535
25885538
21347385
23844194
24853421
19684601
24853425
21358632
22952582
23967242
21358637
22162832
25473897
25473895
19527220
22072864
23649806
19855434
18997820
25793373
23468971
24964857
20234366
20234367
20234365
22539978
16373972
25730908
25734904
23883275
18254960
24608088
25665524
22829776
20507639
24330423
23928793
20025767
24350867
26374070
24859002
20526338
16764716
21789246
26282854
23874603
20663135
21492457
25699710
23705663
23573198
23907540
18664273
21910869
22761837
19531213
23349842
25025175
25029561
20030876
20030877
23693095
23782575
24740248
20953381
23408906
23190606
7523419
17130157
26021752
24481480
21556123
23800953
20606682
23388133
21310950
24289229
16410617
24714091
26043909
22956769
17453004
26010367
22956765
23828694
24612393
26068031
23747015
25228590
25535726
23289484
19402821
26186594
24368337
24312913
24885187
25569743
25203051
16903783
23254288
21072212
24691158
25177685
23942078
23734815
15725353
23145020
21673972
23937621
19226467
25083817
24131756
24931006
20585556
24710267
24972085
19617897
26121674
26181367
19357769
19358724
25659579
17726467
22337773
24479681
20877461
18032821
18032824
22545084
26066081
21829508
23832324
18284688
23468892
24886454
25151490
22405092
21765619
18728011
18955790
23878723
22580611
10402467
23935876
24673746
23991224
24886678
24857950
24493589
26264748
25103565
25193387
23189187
19292734
21300795
20565727
19050706
21909115
25658431
25658924
14517206
22761998
25900027
25483096
24664246
19436306
12778069
19471602
19471604
26294099
20084294
23963114
24364033
25794135
17437012
22294553
25335168
24434436
23110163
21364958
21072043
20398329
24950059
17342202
21489257
23152895
25048467
23071154
23866847
19127258
20487546
20208559
24883309
18463157
16582099
20231902
17537817
14970175
24970814
24086303
20190820
12199909
24349488
25238546
24419411
24419417
24419415
22844496
22132735
21897875
22132731
20015385
23176396
21097889
19898946
26106610
19454010
22898780
25694554
15292938
24359512
25719831
19527492
19238210
18020712
24810336
21508312
25084169
24858043
25071015
25247763
19296848
26022577
21263000
24346286
24346284
16308474
22916154
22897928
23128528
22927831
22081024
20535403
22081023
24774510
23786849
18811964
25666857
16029503
19564927
20736950
12105188
21731648
23468956
15886699
21573174
23118962
26581300
22623428
24191908
17700572
24646888
22253885
25486365
21702909
20967502
22344029
23416929
25889455
25889454
25356737
15217508
24503538
24677094
24945252
18953413
18953412
25299780
16417406
23617883
21118481
20971364
22866973
23509792
24995320
21537090
25416705
26051373
20581867
24703510
24603336
25705251
26158450
23951036
18687693
25944062
23612454
19784392
21255440
23249808
23119100
25025473
20444249
20386703
21179427
25815323
24009453
24317180
26024525
21658278
23994953
22203497
25778922
20412587
23927790
25244018
26032781
25343485
18579579
21931555
21958427
24945657
25012870
25401222
25923723
20157535
23082154
20157537
11953893
23082153
20157532
24362520
24362522
25144704
22880008
26194347
22880004
24913037
20429940
20810749
26143491
26075267
22363436
23405268
26107737
22712549
22590625
22292079
18852895
18534028
24970808
16681853
23636326
15689238
23398456
19262695
22384171
24818791
25715252
20838384
25590801
23099803
22853316
25148256
22615843
25686248
25137136
16519809
24608435
24608433
21364582
21364589
20090955
25224588
24475247
23166678
25991665
24643130
25849846
23950712
17020408
20038977
21212465
20813048
24642661
17145707
21737330
26177020
15699075
22745723
25625591
20126615
20126619
23451056
25630770
21798026
23555267
10085298
25476903
21346174
25476905
25541973
21390126
18283321
19948031
21949787
25297839
21605429
22564965
21170087
17054774
19082401
22217202
24152439
25437003
7542657
25437005
25216515
21734707
21569377
23923007
19415121
22909976
20367887
24967384
16344308
25277204
24337580
25865119
25343250
22382806
22741536
20628391
24223781
24088816
20683152
24312560
23885116
23337117
24884338
12771181
22240029
23348902
24043118
17254320
22029423
20187936
24983969
24983965
20532202
21994759
19015261
16216128
23096709
22815893
24003888
20814828
22404908
25867268
24118529
19331697
24533098
24168400
20534903
25925379
24698998
25940797
21874023
24498881
23505388
22174695
23392172
25862165
11927604
23874713
21619683
19055724
24885829
20856855
25901943
24993775
25105592
26317544
22168747
23383041
23095717
22897902
25661317
19243472
25872741
25939393
20940296
25149476
20806045
23479742
10790433
23192081
10459020
22016591
22479519
20380699
26147685
25062045
24268047
25659997
25307991
25002679
22048266
19920824
9199174
25543140
20169165
25807077
21399635
21092188
23915220
24402830
21399639
25143398
25397683
16280046
24861215
19238632
19238633
26126858
22812510
23922722
23693054
23181561
24469056
24469052
25329316
24711643
25823824
25680114
24009303
24387695
25823821
25619389
24481446
22905260
19190626
23874915
23977375
24489888
23153332
24922520
20184776
20833636
24719890
20617134
23248156
21738478
21738479
19672255
22970155
16229746
21841808
22201672
20818423
24407240
18789131
24754246
24810989
22171160
18414414
22842228
23936026
22412849
17047656
17047653
22685329
21720550
24386274
26147305
18363844
25413232
24931737
22848341
23818951
20462955
24912422
20462953
24349524
22384197
24497843
22615956
25310961
19878568
11157975
24905916
18549475
19878567
20729213
18431501
25314065
16188027
22479189
22020299
21749714
17676996
25881131
23762372
22096589
24367680
25655677
25849135
26090506
20174566
23468851
24603487
24189400
24886416
20582225
24971482
16988471
24563720
24763530
22103913
9271594
25165983
25544755
25544752
25992628
25963818
20577567
17069461
15770067
25171497
22022528
23971979
15928662
24130510
9472029
21983787
23170075
24356649
23935836
25527629
25496916
24528651
22761954
23742646
22739988
24040331
17967182
26030748
26016774
25510503
23065768
21752283
24465210
25915430
1374067
16492808
25794170
23634218
22655046
24828673
22048896
22053997
18544172
20862322
21610072
25496667
26341082
22447027
23823123
23548900
24422746
23272133
23001818
25834821
21285991
19258216
15364958
21394196
24594684
22294049
24657971
25384882
24580998
22523564
21325632
15717924
19956647
20424163
24447338
23902722
24788832
24073892
19440381
19543317
18645608
25263454
18826597
25090459
20360864
19284554
19823586
23861764
20413844
23339407
15807891
22383989
22393362
12692418
23516513
21901007
25380619
22355357
19200354
22848487
17956637
19946338
23839046
17511881
23590575
22665975
23166734
26467218
23284732
22590567
23855721
24430869
22475688
23949224
23620752
20479932
11149930
24505297
22194619
18797466
1380281
20843314
21660042
25098700
21943101
22918955
25140833
25131202
24930890
23799367
16209712
24147044
18248671
24708616
21423203
20389301
25362357
20467490
24423195
23634661
16430786
20949042
23991019
20221446
22205990
25635998
24204699
24356251
18854318
23239986
22683266
23029260
22087647
22949843
19525976
25167778
24116107
25611342
19759556
25136960
19696076
25119265
23977397
26175417
26253102
25592291
20209053
24172637
22037414
25740706
23056222
23437386
16043515
21122130
21152100
24447434
24694877
24969046
21841825
22291954
18498660
19433454
20509969
20604955
17145961
19146679
22253841
25249538
25500543
25500542
26693507
22574148
17225856
22192147
20046837
25088195
22848366
23115635
25623525
25178497
22554284
25423174
23028371
18263614
19878585
22788847
21853052
25611392
24151977
25090026
25515931
17846171
21912513
25121590
25121597
24322891
19754670
24956168
24642040
23244495
24286315
24205245
24737870
20977779
25126743
18628956
23527311
24475287
24763515
18628958
25275486
23865079
24100296
23240008
25105419
22452920
24457911
24457912
21559503
23441167
9049247
25963833
22870275
24904228
25246614
22645602
18056407
21624955
21624951
23826318
19864455
25572145
24777531
22967049
22942717
19930715
25588809
24952473
24715238
22552282
22552281
22430491
19765320
23069641
21789382
25544773
22581054
21643691
21909354
24040310
21336307
23223570
19240718
26642352
25695684
17295913
24244542
21603858
24337632
23857982
16951290
20398348
25248616
23994874
22254155
25356520
20406326
25750436
20862305
11747336
11747337
25774791
12438416
25576916
21666704
19715609
22493164
22171994
25148578
22027593
25460505
25460500
25888632
20672047
19538740
24416124
21321378
23096114
23096115
21103049
21931711
25956913
20723025
19838215
12100744
19838218
24970800
17640379
24467828
21629784
24222746
26372697
25389768
20463968
21306611
24846059
20195357
24674052
21067588
24391994
18046415
19888477
22860098
24194938
25656847
22033276
25861162
22363598
22641346
24073214
22961080
25047032
21437249
21303542
20534808
20614009
25056273
22460089
20426825
24860943
23528269
20452353
24058658
16729043
19724277
22768081
23028762
18594537
25004126
16356174
25889255
21909108
23599180
24457059
14735173
16722544
24625977
24625973
21085677
24736592
25909223
25909227
21445305
21445309
24859378
19183483
25080971
23009565
21407215
24558369
19479051
20661223
25236186
19223902
25393693
9566959
19223905
20178605
24743427
24529209
25939061
21516116
23950948
19954513
16168140
23991038
25889927
16533948
25473901
15169570
22632462
25679447
10817502
25405368
25672415
26083714
23397021
26173590
24015256
22905229
23420874
23146383
26053020
7500025
25071155
19491896
19491894
20617170
26465331
22848730
21808882
24465403
23300950
20558345
25277188
25277189
25277187
25277184
23317446
25277181
18828900
19015634
20378532
24302570
22629227
24288432
22549273
22253824
25178656
17562788
24748790
18025037
25413277
24465899
20631255
18700047
19592618
12793903
25231870
22231956
23077641
21886773
24864229
24217227
24884509
19340001
20051109
23990977
21994586
18284607
20585447
21373644
23300780
17664338
16519794
20685959
14997206
25402633
25816324
23046633
22331848
19826414
23999497
21682876
24124538
18511940
25895125
23844254
23169297
22103831
18624751
23971878
22439866
25659035
22439738
24023874
26110767
19765303
25893378
22462548
17500595
22826122
22423221
20339536
20339539
18371219
19729798
24204715
20679435
21282464
21282461
17916242
21539745
24621885
26221921
21643015
25222473
22808202
25501825
16563154
21321384
20398418
24330748
25788262
25788263
24556685
24186207
20455026
22430213
21394302
22315990
25330150
25559736
24918823
23667531
12771922
12771929
24586174
23175443
19538720
24695443
23533567
23685869
21044367
19903340
25669969
25267792
20948989
25020061
25367198
25025684
18597678
20040103
19060904
25919140
20953179
23363784
25886585
20630061
15210726
22675488
19525231
24885594
21552324
25645517
18267032
22573891
23334667
25007054
25853889
22209766
24616552
18992165
10209036
19557173
24658403
20686565
23140174
25285168
25186085
25363021
25340789
9254654
23594562
25569532
21070662
25814554
24403256
22815832
24109597
24499623
21486470
22232705
22590527
23620790
25435374
22479202
21915327
23028800
19369943
24351824
24349332
22569184
23861985
19445691
25305068
24369359
18784923
24156022
20687930
24292448
20226009
19242545
25013761
12079506
23845441
7509360
24409324
24256616
22844532
26264001
16449996
24707477
24707474
21399658
11870509
24324286
18593464
25883222
24866436
22715097
24341432
21789191
21858171
16168123
16168122
23697596
23819610
24416409
16449192
23991058
23555615
15169551
22892393
20025780
25886900
19141287
24489791
24728074
21653999
25467409
21887250
20302655
23437037
25136922
21481261
20871633
18385154
24804226
25198338
22905202
22905203
20448330
22905207
22393424
18665269
24260330
24260338
22297296
23056263
21390332
23894605
24963474
24236193
21371080
24518603
24260155
23552690
21725367
23552692
24509877
25933027
24091621
17190838
22005930
20308430
25633745
22442730
12515825
24498230
24912918
23868059
23585894
17576779
23400877
22286170
18635530
21209853
22012985
22623957
21595927
24599953
23326384
25950441
19432811
23059827
23552691
25524025
21148296
24879338
22666503
21208455
23049853
26158630
23922103
23382862
23805307
24758762
25885672
23991415
26473364
26269600
20802514
17028100
23409019
23409016
23024800
23516476
24651849
23451236
25000176
25888627
25888626
20418893
20828398
25605020
25605021
22205104
23034174
19826477
23483928
19671143
25154973
24928511
25736891
23284306
10725332
20716118
14520464
23799130
14520460
23359050
25038505
25996291
22543708
24404147
22912861
22912864
23154999
24952432
24980293
19274075
24929707
18437204
24926850
21496277
18651974
25686822
18840781
20011604
22808266
23737759
18974049
26064904
22529268
21666749
21822214
22792303
25544776
22315970
23884311
24165399
20729916
25706985
17083724
17939878
24418474
17117180
24321241
20975834
25621564
21283750
24711160
26010542
19190782
24244378
21087528
24244375
24244370
19405953
23237847
22679513
20966539
25146448
21931631
21197618
22383580
24348264
25689483
24991762
23276146
22243975
22001756
23355875
24487967
24510528
24843008
18992148
24843002
18992144
23051731
24986561
22251897
21407260
25523932
24658464
24447396
23418489
25027955
19720790
24002608
21663621
25490770
23472165
22046250
24559095
23706742
22629415
25371596
22815811
22412018
24058693
21799732
22532853
24819505
24819053
24819052
21939528
25486478
20922573
19048100
26223264
20634801
24073258
23864022
19718021
21209852
18509476
25105660
21445343
19258434
23595149
19478941
24156551
18826606
16780593
19432816
23852459
24324738
24141778
26108419
25703587
17504528
24628801
23940119
25821312
18426604
20467438
20016009
25925845
18522728
21989022
16168105
21858191
25393475
16168106
25098819
23690655
16168103
20946682
23929599
25174698
17264126
24987838
23209703
23209702
25853295
22496803
23457512
25421630
20126313
22022355
25026290
23617826
25471819
21887275
21887277
26297806
26179066
23951022
21772844
25695505
24121268
23082988
25658794
12942124
24178031
17895971
26083571
17355635
23710442
11953874
23555892
25010005
23977085
24715106
24086281
17726263
24684735
23071527
24465504
19747374
22053213
21383692
18362937
21788450
11208867
19915616
21383698
25400221
25300797
16685266
25965822
15969750
16434996
25743273
25070240
24196705
18812548
21939503
24965120
22623979
22125611
25083769
26453058
24816687
20027224
20027226
20479762
25398386
25365944
23327903
25663615
23226410
24750242
23259602
15647781
24255716
14966529
22413021
16776827
21874044
21874045
25340423
25802479
24947326
24975575
22042618
24491031
23594158
21772273
21278786
21029366
18392055
20421991
22492723
25818292
25818297
26247735
24993522
23577194
20096104
23320105
26416965
22457629
20808831
19909517
23892592
15987431
19841138
24623306
21979946
23419831
12615903
23268996
23035900
21718492
22640628
23634290
23967107
18000506
22493456
24586842
24279301
19436038
17324252
23799848
18270579
26334686
18648664
17190792
22176582
24385678
19483722
22208359
19891769
25975262
20606252
19347029
21362552
25925725
21364923
20149218
24981670
25823925
25823924
22952844
20678191
23046610
21473589
21881167
17997823
25569101
18782450
25948282
20509860
23967302
17150106
17150109
24986540
23933736
21765914
23469153
22860035
24884974
22537596
23472148
22586492
22056988
24885886
23750283
22110593
16839413
20219108
24810047
24810045
20219101
25070656
20808790
12093870
21750647
25685786
17283187
22391563
10769036
22391565
21760960
19151763
15083194
19272177
11207041
11207040
23734265
19956681
20926685
19754954
24775712
25889497
22606006
23287532
24867389
18335034
22216185
24295852
22945920
25838448
18070937
21320340
25605490
22194698
26177347
26331536
15037602
24699724
23691049
21533187
18490377
25978653
25971746
20085644
22509368
21159167
23555304
24987858
25835715
23222509
25026275
25026279
21857991
15557124
24529193
25015107
22357623
22869372
22613949
21414214
19267881
25826082
24779718
23915286
18402691
24809298
25675294
18199332
25675297
20700123
11953857
11953859
20671031
24998844
24099634
19250532
19063885
22992334
20515470
25871546
22504159
21781317
23382691
23202519
22110360
25032862
21248371
19638206
19806201
21092204
25915126
25748204
25311616
19636556
25415591
24129065
21343941
23125486
25335552
24708527
19468302
19468300
23299493
25341359
20504375
24416220
21811412
23326344
24129246
24129244
24813251
19018267
21203441
25548410
25113974
20484576
21483817
24806449
19005564
24577055
23079576
24171172
23291982
21422499
22695170
26046940
22887866
18387192
16168118
25952993
24324363
24367557
25392082
24952592
21396117
26384650
20388715
21487159
15774015
21876762
21731744
25784056
15824059
24152305
25514808
21698197
25023704
25023700
15987456
19646290
24940619
16520382
18088404
24548858
14981116
22407230
12373604
22022496
24603539
25341922
21061022
24586866
21352589
25487151
21404118
21743488
24952482
21666788
11696595
21513566
19640284
23977259
23236348
16914443
24936148
25122428
24461128
23666240
25365190
24098737
25669982
24564252
24220032
23082216
25136862
26402821
16687659
22330139
25584637
20110348
25897494
25203442
25203443
23596181
25071010
18433484
23469214
22513257
18974883
25201625
20554761
20554760
22863309
22880102
23819460
22971934
16504042
24637915
20459741
7629518
21457162
23809258
24800225
24244333
23698777
25495526
19771169
24748121
23586056
24885205
22995373
21078624
17983270
22096607
26121043
19966853
19407849
22384099
24069528
22768064
24498403
25486431
23820584
21317463
26068861
20844743
25313137
22110649
15083174
26204833
14680497
14680495
19574212
22768805
23468625
24886512
24632578
22298428
25369552
23160376
11085743
20226061
22015605
11532197
26161396
20003272
18494939
23307622
19940359
21134286
24454858
20540739
24935000
23261058
22235332
26370119
22509384
23209746
22768111
23841076
25138052
18369471
25282148
24868540
21857971
12885870
22696061
21949687
24918944
19794270
25753158
24340014
22193779
21731642
25807524
24895580
19445727
21364579
21612602
22049025
19149898
19890398
21173787
26114632
25170084
25243787
22593214
24390086
20406462
19682377
21743832
19575798
23776131
16896365
21998677
22207399
23586029
23966406
23894400
21547253
25973950
22396784
21297943
24946858
22905193
23158001
25750173
23354516
24086429
19426493
19079609
19619279
21124835
17453000
19678923
20504356
11437399
22534828
20598160
19561607
9298982
21939546
18458160
25402957
21955916
26183948
23695676
22879939
23359294
21473780
24263065
24587385
25409150
1383236
24901052
24901054
24906005
23793025
25861627
20571754
23383294
23844036
23844030
24088573
19252133
19046423
22355256
22355253
21624135
21356067
18241344
20531406
21203460
23145173
19758438
25884692
23990798
25814788
24675460
25721848
21829671
19826638
21989417
25849206
21507233
17233897
21346190
25909167
25909168
25868855
25868852
19636371
15320955
20839416
24807908
19134217
15756275
24941944
19412175
24451168
24350295
21573184
24151513
18495663
25144187
21833088
22609986
24919155
25393000
20305656
21712997
26673895
23930206
23453006
20513767
22155728
22219649
18397877
17192200
15233842
23064645
25426554
22807997
24619359
22027397
26402809
22116401
24835992
21073737
20409325
17622245
25534115
21079800
17622249
20920251
22752028
25880691
25491647
24497964
25230070
25742952
20890425
18577250
25361012
24466333
22558411
24386331
25483104
22913419
25068292
22438585
20459769
24040001
18513387
19079346
24565101
25547174
25837197
21423810
23947958
17940634
24434746
10330410
10330411
21479234
25483191
25535246
22701738
24349153
24625110
24788349
23096712
22942738
23216712
24369725
24602453
25349262
22952705
22110663
22952709
24006490
22092393
21844884
24051492
22491319
24223894
25645159
11597326
25739120
24136235
25433947
23462720
21911421
25162518
24023788
19935797
19935791
20226085
23226373
21383955
20361045
25099740
21372787
21284870
23244604
25713627
23767878
25853726
26066055
23506213
21947029
25417702
21224857
24588959
19684605
23828567
25253726
22050898
20644729
19430562
25131797
22768179
23185316
23185313
22770229
24330663
25092657
25659578
23934203
25856297
24070194
18269736
23514585
23545898
25403427
24507701
25927202
21050467
19547661
26039128
25658482
17163992
24954313
24642870
21765936
20712882
23875779
18538015
23207070
23576547
26078008
25387128
18532874
25800480
15819981
22833096
18854827
19531499
21667042
22213801
24416260
21237154
23922984
16103229
16103226
19812696
20706634
20876285
24777035
12034773
18366763
21297633
25501831
23231583
23559827
21179235
22879913
20015198
22087246
20660152
22384056
20635358
25738367
24319145
23656792
24112608
20380698
21595878
19923322
26177829
22607239
22301702
18923525
20955597
9565634
22514634
21203488
18535662
24367261
21112873
22552385
19939245
24769896
22479341
11879560
21731707
23300727
22065914
20877624
14613551
24722188
25884419
25884417
24069260
26023713
24979348
18471322
26103942
25287991
23844083
23511561
22436609
19461960
24667779
19144119
19436748
25486196
25486198
15314064
23223023
21541195
22383975
20170530
25434695
24697349
23826241
11425872
21477379
23991171
25635878
23991179
19787057
23110940
25987724
14511394
18854030
25625488
23733346
21059263
23935942
20376086
10727462
24953832
23082158
25749386
25749387
25749384
23457635
25701377
22724071
24126347
21779181
24300974
23039163
24820515
19570220
21445348
25620704
20209159
24952873
20231385
23056183
20622854
23343422
24104479
26652716
20682687
25738771
19448667
19889613
23251661
17971770
21933986
25985019
21078665
21824439
18597679
24949629
19847166
21824431
12914669
22348136
20598117
20542919
19492075
24651368
25479599
20653952
19036157
24831239
23414597
22412893
22238643
25302015
24728073
25609695
23725225
25495560
23632477
20418953
24382347
24479546
22941191
24088187
23709419
25827531
21288367
26599395
20525364
25677806
22174879
25929517
25348552
22174876
25186428
22689594
25226504
21629247
22683780
24309211
23584600
25366117
25236949
24006489
26065917
24553260
20068568
23049793
21347782
21911363
22266823
15998799
15998794
24056963
24146957
15713234
25122124
24643253
23536857
22128911
16879389
17603881
24340059
23563151
24340057
18063891
23061798
22271085
18700973
18985043
21980400
25890196
23285190
24661909
24735930
25916844
20482762
22737255
22664934
24516540
20711233
24830600
24131924
22249259
22796473
18625744
23619604
22276141
20062083
25058423
18426977
22567126
22231447
23171135
23189174
23976973
23976970
20700126
22231449
14580260
20735841
23532910
25216750
19843521
18759965
24433316
21490707
20224786
21738699
23437141
20053679
19014499
25917266
26227626
24587343
23663243
19266047
24587347
24587345
25120313
22934019
23133524
24196789
20504317
24077340
25263334
21576392
25531318
25531315
25531316
22046379
19768112
24012691
24691006
26379078
23379971
26087903
20104224
22569005
21615965
20104229
22685544
22685542
24675463
20836841
22240789
23300741
25348630
26225959
25250341
25412182
22114354
24971370
21124760
21124766
22179838
25210493
20122156
19730683
25952930
14757747
21029458
20436704
21892329
24698326
21410931
19459784
26581390
21135055
26019684
24646293
24037342
19934254
17326708
23185433
21871133
20842128
21702994
22216266
20565773
20565774
21788944
24096481
22085636
22942770
25679210
21711453
21079737
25105941
21059203
18030354
21190594
24615157
20459863
24971902
25290150
22299055
24646834
22724017
25874496
23227982
19490591
23178462
24919196
25803638
24277474
21708979
23613712
25844809
24982892
21143918
21107320
19861964
22662213
24196441
19529774
20209131
20953200
20937699
23667609
17848912
17848913
24503895
10620604
25350844
22032251
21233286
22871739
23579220
23947441
24413734
26170125
24119769
21068439
24413733
24173829
24912525
19789631
8976194
14610060
24551161
25421815
23575685
21203526
22300665
21966541
24725538
24800948
23852341
23296269
23676467
10995442
22805337
9334338
16052218
24494188
23586039
24758408
25620570
17184525
24229420
16191191
24798549
21179004
18226221
23742673
21165163
22952966
25654082
23275563
25137181
23435381
16402859
23630584
24367658
17784791
22899653
21249215
25136583
19707196
19675677
18628988
20220147
18628984
20407443
20482849
25803229
25784113
17645803
20482847
21857917
25627962
25056061
22479427
22479424
24496460
25352693
20196851
24347629
25720964
24928086
24751144
25918708
26252302
20141835
20979647
21933395
25180764
21217780
21998301
23208503
23208500
19247369
25398317
25572712
19401682
19282454
21354100
11978184
17426708
17426707
17426704
20067638
25467193
25134527
21423176
25559184
18768676
18718023
18354501
21264294
24130096
21092281
21453545
19620624
19480714
24158524
16822308
22216294
22623992
25670864
25860957
25860955
21179398
25588551
19709408
23606925
24519767
21949775
25640477
25695870
22798500
22396725
25460179
23673558
17130286
25279663
24675898
23750247
23088735
24584551
21799923
26099724
22046421
23472201
21663700
24638167
9128250
24503701
23726972
19094228
20962268
20416077
23379953
22645648
25036526
21615945
22479308
19151662
20694012
25799580
25902334
16327884
19111069
23519058
24349411
25412657
22809218
25897806
23967213
25158139
16801388
26061048
24484057
20122174
22754379
25372704
24282540
21209903
16365168
24265756
23990774
24886349
19219073
25754205
21157449
22684217
20169205
19668232
19270750
24609384
21347332
19603018
23542179
19603014
25918937
21673683
25302307
24205284
25162226
22072831
23880825
24354805
26195823
23799027
22672670
21762477
20712900
23912475
26192445
22026926
23303449
11556836
11556834
25023699
18846217
23555992
23349819
25028118
18779368
25215939
23118220
18946488
21859846
22662230
24667845
17972177
25688862
18647419
21364986
22804917
19128510
20333297
24878845
24339725
21364637
16685269
17626635
20041213
17626639
26014357
18992151
22140505
18544045
21424757
9744883
25953424
19545448
18208559
26006023
26171858
25415302
12698194
12698195
12698196
12698197
12538664
23936312
12698193
12698198
12698199
23613866
25184702
24606718
16434701
24810048
24369748
19424503
24594804
24594805
25847297
20622897
22558124
24885062
20337593
24103528
14662749
24621074
24005976
17634119
24662979
23088713
23459592
23209807
11961297
15642743
22158041
23359326
20885957
22046080
20307320
25349977
22922762
18184439
18079698
24595049
24577083
16675879
19077306
16109171
21249230
26147394
19946469
17449949
22179719
25045657
22266868
22307873
23907581
22266861
21483755
25261369
20174603
20482842
11551979
15213713
17227893
22808143
21217819
20196834
20019798
25928201
25886164
18980674
20089844
20089843
20875128
24588644
25403445
22911880
21159183
25537503
25537505
25537504
15305193
25496700
22692183
21323962
25815427
11483158
21368895
25437437
23110147
20169078
24571487
16381901
23400010
22231403
24598993
18182111
24976536
24225433
26193369
22523600
22347375
23110043
23667851
21860425
24571667
20521171
19305428
21242976
25986931
26132860
22495892
24376578
15026808
24622501
23754948
20856200
25786243
25896712
20707922
23741361
19553679
24773774
10579725
10579722
22157681
25924995
20199686
22984579
22537942
21853092
17721441
17724123
23538446
21358596
19088723
23467907
21791074
19232099
24695549
22776619
15743501
20659339
22110707
22110706
21819585
24573247
24349439
21409565
22606262
22438913
23967231
24743740
24376686
26022247
19718455
23226276
24324613
24742923
21451571
22201124
22479585
23897890
25411341
25326024
22684231
22354696
22684234
17428320
17428325
22393391
25503978
25488983
21085491
24247407
15138485
19055754
15138483
16686942
12356872
24308939
25875233
22081070
25522273
25533680
25522274
19543489
25532106
18030348
17477876
23451161
22745804
21336636
21336637
26078940
24455740
24598028
25784651
25678784
23950881
23667466
20167054
19165202
19165201
14769856
18846238
23591848
25762619
24989082
17567920
21887310
24044505
18559669
24040083
23755178
21987080
26158266
22494620
23272207
23152903
18808677
26172389
22540012
7688794
22489116
24312276
25051360
25051361
25051367
24581425
23071680
19860880
22286763
23127292
20231899
23029290
19895682
26224081
22529939
22606291
24312415
26150472
16823179
18289366
22761730
22994622
26106036
21203561
22563497
23593403
22563495
24244575
22912727
18714371
16942622
21537329
20473327
23620777
22876876
21338495
16721364
24171036
17561991
21760921
17561994
25742793
23307470
24647007
24184327
22073215
18948956
20300622
23166591
24595063
24318044
23691056
23405219
23405218
24699409
19453520
24724096
22020193
21385353
24283570
22530128
22689056
21241471
17183714
24671051
19214186
18071589
23300597
24098760
21838870
25907774
26222337
19540122
24023884
18985028
23264468
17016520
26297026
20180987
24992339
25582346
25768405
19668370
25208472
19668373
24667490
23178811
22590634
21850183
22792062
23222637
21118512
21858203
21655091
21655094
23940755
21914189
25993617
19644562
25386557
21986939
11257130
24633152
24146864
22120714
22120712
18453682
24531711
22235286
24848372
23977064
25890091
11535620
19440552
17018160
24953629
24161991
21949730
26047126
20160708
19747398
25777142
21779335
21637819
22879999
21738584
25071020
24040146
22984553
20190752
22685613
21464990
16509964
21504623
20103708
25880398
19696784
21518799
25922907
21518791
23243310
22678923
19874421
23514281
16479075
26182292
19609363
21875955
22442669
24274578
26091241
22065993
22200742
23766685
17498291
25613377
24807161
25742650
19398950
22179831
23839036
22179839
20202217
22591718
18989459
23874238
24875049
23077663
24265793
22410433
8920860
25050916
22569536
18583876
20514303
21952626
19656241
21952622
21952621
23301057
19738611
17591614
24618737
17132159
23986795
23089923
17620410
19553991
23948297
26139536
21559457
14647146
26047463
21694725
23535730
25304329
20935677
19563658
23350714
20935678
21804533
19855428
20440267
22539964
24707489
18830263
24655723
24260544
21789034
21909427
23690972
16009725
22044751
25762631
25762638
17760502
25302792
25834816
20414373
22866924
14759258
23894522
23375502
17535973
25890285
17535970
25058589
21822304
21520003
21080930
26001071
25252974
24681949
25182632
22558309
24162774
23613828
20498858
19862010
25180182
21179471
22681706
21439064
25689150
23555046
23414517
24746700
20519437
24752797
24077287
10791974
25223380
25632006
22095222
23284715
25608477
25645462
24658684
22384145
19602056
17140287
25643705
22615925
24742333
8642313
22880054
21169559
23421821
24278442
15876358
21072204
24366069
12668660
24236047
24051437
19001122
25207810
23950991
19291302
23492773
17452776
22383169
22938721
25230975
23028682
11136824
11470832
20482821
17683622
25831237
25590835
22337768
24190252
19714248
18541705
25104021
25706305
23135998
26166433
21829513
19527514
22751131
17537232
25077897
11953864
23274900
21224387
18445275
25757764
24935154
21602883
21602881
20178463
21602887
21697891
24958846
24180482
25192370
24167614
22989009
26220517
25398772
19020659
25727400
25650659
24141978
21708019
22833194
21858220
25723571
21697091
23441118
24134599
24143190
21264233
18702822
19906305
23717208
11257115
19543524
18518978
20492683
19520769
23922677
25901368
18818193
19098985
21320471
20719960
19055823
18283312
22383394
22446964
22206000
21489309
22905154
22905155
20576130
23741320
24762959
23396401
22923021
22187033
21468039
23966881
24828152
23071787
17641416
17641417
17641414
23300800
20470425
21853057
19851445
20003326
26177460
23814048
22105346
23033967
26077951
20182906
19823681
19680556
19680552
24710085
25645078
19259093
23418602
25086665
25086664
21835001
24970801
24970806
15583690
25691063
24999758
20546612
20546613
26067754
22110740
23863845
20453859
20453858
22230750
20811636
20811632
21592330
11980914
24096875
23761726
24149177
17957242
24957098
18697815
22354205
24008839
23695019
20565817
19270482
20427290
24789688
24730770
20639885
24971511
20433755
19551145
24505359
23356739
22968820
21054888
24676280
18047684
24939878
24887458
23383003
17164758
22768030
23900341
14568990
14568991
18567581
24163099
25959250
24376640
23315497
19920816
16373964
25875098
25928388
22662165
22662167
25114970
24502362
23690991
24503541
26158445
24503019
24503018
24932220
22617127
18953404
24667352
23670029
25496089
20504360
26059686
24552990
18955552
19531065
25954860
25894929
17584785
15084244
15649318
21587258
18462018
24083596
24059932
21151158
24775809
24386371
23349873
23908768
19619314
21088000
21668955
20338046
22130069
20356387
24650032
25909997
23814182
22303479
26198055
26163656
20147967
22673745
15545966
23419122
23117246
24116157
24116158
21492463
25413624
18700025
22389665
24922063
25881299
25249545
18714337
25173978
23637463
23437333
17997974
17074883
23703388
21543455
26391660
22876838
23327593
25646931
20685651
25211663
25331851
22046053
25888547
24647736
24885194
21253589
25017332
20628086
24884822
23936010
20509930
26044620
19536092
18577987
18577985
20174559
18577988
18852884
24814316
24860833
23686257
21102443
22384168
24398981
7537275
10525536
17940504
17940502
25798824
25633810
21841781
18060073
25314059
23455325
15996267
20838624
22962849
22672288
24667108
26177288
25337709
20805321
24252910
16507111
19460136
22911824
22361354
24167634
20702582
25261371
22580604
22580601
21460846
25816226
25324306
24706169
24227910
20505831
24237970
21765462
23940795
26238857
24418912
23940798
19822672
23027125
23671702
22808155
23717592
25408964
19543508
24983372
16417627
24983371
18194538
25156525
23043633
24621512
19384296
23349794
22002306
23383610
23922697
22330809
21991326
24998263
23420497
19034270
15533996
24796531
23056559
22272327
16085756
24204256
24240203
24466059
25214430
23591770
24408092
24885690
25188412
22984590
21767389
18854825
25010350
21524306
24675814
24709693
22848689
18452596
21920521
22719997
22105362
25288394
23577181
25887904
23817569
26770665
25284427
21178276
18466468
18936523
16670718
26006237
21412276
24086335
25180228
21637851
22125493
24312577
22617042
18501021
25003695
19158945
22727195
21897861
25057173
25223755
23029043
21966358
25712098
22949056
22651890
20040080
21387466
20174585
20593220
25827447
19220894
23380710
25712893
19888426
24925061
22174938
22174934
20634891
22174681
24618085
19277121
19277120
19277124
20003467
25193543
19924227
24549174
24853419
19029981
19713971
21085658
26161893
20637128
19087308
18818748
18230179
20935639
22376079
19087307
24791139
20574454
23451180
21984580
23620765
23620766
17205132
23949216
17646408
25170613
22710720
14710229
14710228
24672634
22242180
23861977
25254627
24496236
20017945
16539696
24790085
25625370
24490960
19855393
19844581
25815785
24995336
17455987
24143256
23874639
20169177
21399626
23505540
19122196
23950931
16280055
25655188
25082024
21795403
21439247
20338061
23555914
25115399
24241346
18990233
25115390
22174788
19797428
18298822
24708867
25823819
21949655
25032217
19409087
25708189
21960247
23388101
24244261
26028668
26028667
24098109
20660631
24498154
11953887
20698984
22848740
22876814
24848679
24362534
24858808
21087480
20976196
22615960
22880013
20604900
19243308
23776077
24223879
16495921
20331873
20673369
25263448
23867999
23062209
25054828
23818969
25281355
24518206
23376847
23376846
25241763
21951562
24349538
21949883
14737186
16672066
22020285
23244191
23390492
23049825
24714105
22402981
19132086
16519819
22895078
22895072
25742482
25424347
19323811
16784539
23764844
24139521
25790137
18628967
25760691
25436519
23307557
25977470
18316326
21455311
21118571
22144915
18716620
22844442
24905577
20081207
20003329
25297496
23516355
16417649
26137473
25155055
23812909
20520840
21270272
19589142
22496955
17519899
21991300
20173740
17106442
25641861
16606445
20813052
23056577
24943846
25754093
20856938
17945002
23184205
23056578
24658012
12615911
24174547
22551440
19844234
17504517
22276187
25915426
25915427
21242968
24863535
26025096
20046382
22737248
24232097
24828662
22321971
24030155
20398370
23028338
22171747
25510750
22140443
22140117
23559007
23559008
23559009
21822287
23023193
20939893
20462956
25108683
24076656
20628381
20628382
17996122
11602639
24223798
23418425
22640970
22647525
26112163
22348058
16317430
22028823
18160415
12082081
17029639
23902739
25720435
25375376
24015299
19586553
21258369
25809292
20351777
20966541
24936644
22406644
12163475
25596742
25596744
23947899
18563556
24987851
19802010
26376786
24170433
24475086
23974101
23761422
25884169
23301033
20939895
19756158
16672071
20011522
21619671
21592956
15249583
23516500
22318540
21343306
23536959
11489943
24407937
25220207
22020565
16880255
20032303
24457600
23626817
24551096
24827412
24887419
19823867
23778527
23897276
26460617
26123760
15479739
24890702
25623232
24587316
22844323
19298651
21516120
16014176
21516125
25578966
22843679
23272046
19593445
20507642
21346816
20843305
20196784
20399812
18495044
23105109
20932292
25416285
20129940
21768288
18652687
20126416
22893124
21768287
25634589
20126411
24478455
24169358
23430691
21076401
22493320
21076409
25602630
20614030
18087285
24743307
25723491
20663147
24143235
23563706
22361634
10562288
21321422
25526463
22666314
26150389
11916981
25789973
25789975
21668996
20140262
23555641
15640443
24722501
24633305
25751140
22505997
26117268
23377543
19136653
20729920
17596643
25619392
18776588
18776589
19190631
25662849
7525595
22843497
19953097
19953094
19329713
23738042
25880782
18665177
23738048
23776587
18812399
23776583
22185343
22859938
22957045
14551916
22277029
24407236
22595792
20429933
21966491
22660439
25323003
20509972
22253870
24465592
23418787
23711090
20101207
26075254
24077226
21680714
21720547
20208994
22848379
25240815
23418437
25531327
19174819
9852145
9852149
21666281
23565280
22343943
23704984
19878579
22493691
21750719
23840454
24831529
25356873
23166513
23990986
22198295
25787974
24886428
24876129
23874486
22801782
20193080
24763529
25704882
20685960
20685965
25922934
23975428
22645475
21801448
21373201
23762867
21223556
19826428
25885043
24053468
22933572
21318406
25167228
23441172
23459936
25886066
16717128
25215298
25388546
23574943
25257174
19265551
20550696
22431556
22673192
18397521
24658355
25010701
24646917
25331952
19309522
23883619
18166657
25114899
25816777
25114896
25046975
20167130
25806508
19422706
25905642
24039832
17022831
25482194
25915403
24045667
17069460
18266953
21059853
25338681
16738552
23118721
24606538
23047954
26075403
21822266
23974872
26542245
25313018
19167335
24659749
25542038
25758528
21757538
25674762
22829865
25121610
25732823
19390654
19802384
22665522
21325624
22528563
19865540
19578553
19843326
23202514
23391506
21490677
21389118
24899223
23234355
22847613
15642749
24359561
15642170
24142530
23851457
23885123
25609649
20639865
24858039
22113502
23259501
25087998
21663659
24157709
25065594
23401653
25675982
22119785
17511879
22691290
18725974
23626836
23435420
23435429
18725978
17406354
24392454
23520446
23520442
22096476
23028875
24987682
23803736
25160749
11149925
22343628
23382905
23967341
23494210
21364631
16620391
20017906
24786392
24428908
24915755
24558376
26316738
9348292
7807015
21849032
24642916
21190575
23010532
24143218
21423216
21423210
25927670
25333414
23687957
24371075
25527865
25851350
10953014
19356250
24086580
25946211
23104988
19584580
25544361
23457546
21408173
22333974
21658281
23672832
23039341
25504436
22272264
23217712
23217244
21399666
25592281
18547443
25614244
20920367
26176534
25807049
25911094
19672269
25632222
25695063
22848708
22931052
21098095
22554477
20557373
22225925
20429915
25811979
20203690
8113688
26230955
25502557
24403052
24288427
24008423
22384232
20950443
25152277
9802988
23675467
25526460
17456239
21552520
25994375
23683081
21954225
23088930
24947996
24073922
25950477
22957061
25950472
20709748
22398726
20628624
22514687
25889655
24167568
20807285
20673328
19773423
25847947
24321281
23225805
22684370
22911849
21085597
22162658
24244431
24475291
21603603
12778072
26293665
25407898
24261710
24748662
23253087
22808094
24047437
21559530
20670419
25875173
25880076
25532027
20534156
23736031
21412983
21804458
20733054
20733052
22607554
20733051
23468863
23144700
24357630
21357744
22246327
24958773
25285958
23873310
24587411
24027752
20624904
25482200
24250812
23591201
24687970
18309296
21909139
25993541
24040307
19118495
23134665
23223568
21078168
23061681
20098747
24705253
22655072
25635535
26632889
21441953
24064862
24736615
20877358
25576923
25576921
20056007
21822277
25238288
22028792
24522546
23666239
24728461
25542012
19615099
25311243
18334933
23343766
23762317
21569306
18405391
23187802
22215675
15113441
20463977
25823645
25608759
24348212
24684802
24788807
21475306
20808760
24497953
23705972
25561175
24805814
21847096
18596081
24629097
10209029
20972438
17388661
19338682
19956670
24909170
24909177
20132554
24182354
17333336
20534814
25490093
19272183
19367277
23785428
19367274
17371830
22995475
20426839
24576846
25210949
25489735
21804599
23912460
21909110
11986780
23620784
20454998
24351833
25476789
24811059
23967324
24019929
26517351
22433566
19465391
18505570
20687928
24770866
18783588
18783589
25996296
24919441
25996295
22711529
21573053
24896240
25344068
21108840
10662792
20927387
10662798
18426980
19955102
19457236
23431389
20098682
24374310
24155657
25883219
21867493
25883215
24155659
16168130
25883211
24098536
24708484
24287696
25957098
21127054
18159945
18310300
25299770
24423920
23554919
20157617
12927042
18538010
25005754
23877345
24448423
23959174
23874541
16630341
20507572
19958286
25890228
20697347
25959498
21390328
22187158
25330770
25316267
26147897
26016997
24366874
25742883
20041182
19011679
25086746
23956990
23348520
21725357
16275750
25484082
21966451
22370642
21482715
18728784
22253833
26302407
22384257
23251686
18557994
26079946
23125841
24516643
26250467
23817662
22685373
19128465
22110403
25228385
24413661
18197291
15535843
16552419
25587027
25587025
25587024
25587029
25375091
23519117
23618908
12569382
20224733
23342133
22735451
25216078
23049845
22132154
22366451
22292086
18489799
23663520
25627160
18791270
22777356
25327560
26637440
24880342
23936455
22389628
23029531
20827430
12592366
24608713
23212463
21559085
22347372
20011043
19671150
17064406
23799104
23775445
17452356
23527175
24901999
23435217
22912850
17487277
23167739
22297070
17397260
22848370
17179987
18651966
19513107
11710828
19798417
26222911
24039874
18485221
26079153
18211678
25675300
21998569
25585539
24619078
22808218
20398395
20398393
24549848
24454781
22430205
22430206
1383230
23178494
10871282
25476896
25935404
23577108
22032640
25360797
19040567
19240722
23508117
23524567
24416400
21206905
25883152
21561857
24744753
21931722
23622267
23762330
19707201
25854175
23548208
23725851
21283628
14520461
19405949
24498019
18782427
22697462
20716114
23880157
25412303
22573884
22384062
25649143
25412309
20624322
24901344
19723334
19079338
22200788
26090471
24052075
20423464
20605201
22188481
18923650
21933447
24131622
25114038
19330068
24717435
25980436
21750679
21483104
25355951
25343534
18957720
25799492
23949920
23594524
24065105
25257395
25901794
8879209
19223897
23412385
25956309
20178580
20178585
23160381
25137394
23565769
25779425
24324728
20226010
20226014
23617834
22279592
21737686
24291398
18208621
25011685
21573030
19822020
24816861
26411689
21533051
23236436
25554796
25886003
11870517
11870516
24098519
16168116
17284314
23991063
26013381
26114084
18351386
25551625
22009029
24686251
21139048
20042089
11696592
24587596
24668895
21408138
15210733
23554973
15210734
23982416
19568426
22357615
22905217
24228637
25138167
23883112
19225563
24374844
24647531
24006859
23766848
23532954
24366813
24810856
25074804
24740294
24740298
20208134
24344185
20308428
17133271
24819879
25606824
25961751
24884718
24498222
24903211
24425731
25704884
19847292
26023239
25383674
21340718
25101567
19014680
21676217
21364999
18809728
16269091
24046361
19936293
19936839
20485284
22666537
24240690
21203412
24229379
9705962
23388179
16773083
21483099
19656415
21955753
16318625
12925710
20936109
22185284
24998853
23781148
14504265
22347425
22347420
22024187
24168723
22781593
23708493
19265534
24823486
12379806
19493349
22195012
23118896
20375469
23320110
23527098
24324551
16864657
22419114
21980403
16380507
24314030
17557111
19703278
23704879
25816289
24502247
24786233
22626691
24787013
23274581
25077945
21892957
19746155
25746435
25621889
22217299
23812725
15753125
25659040
21743479
25470816
19043589
21132010
25902870
26579819
21887223
21192816
23737527
24693969
19483716
20942962
21645371
26025930
24968263
24840563
21179510
20113523
24009708
20113529
16563180
22211660
18302728
19554081
17470632
20837772
22747683
21044318
20378548
11259087
11259085
25893381
18782444
23028720
20594292
23469222
24270891
21880590
22359280
20624308
24551192
25748447
25950823
22880131
24098375
25940700
23421960
25028967
22349817
25474241
19956635
19171758
19373245
21768291
22046260
25654764
21747966
21472990
26077880
21245599
19635168
24810059
24810054
24810056
24810057
18950515
22258409
22384047
25962125
25595906
18827818
21327897
24376685
21447152
25885250
21138557
19924283
19924282
19940361
19940364
24588908
23093229
23402362
24156017
23874525
22591401
22892830
16780588
24304721
25365510
23341890
20236512
25081058
24149576
18377656
22945935
21573016
18625847
11956229
23724143
19840952
25333473
19654240
22869143
25992613
21478871
15927069
23209736
23341328
24887236
25881026
22420423
25261932
9206994
18607065
23108394
23700486
11815631
25826094
25826091
26075620
24121271
25056500
19088846
21939555
17570749
22982396
25483727
19421144
23558893
18159231
21152424
26285572
20385028
26020769
25393365
24466265
24236059
21941025
25399650
19146681
19002265
19997641
19002263
16333305
25408231
22004076
22575864
25375133
25343452
23840832
22039425
19112497
23965983
26067104
25187647
23174662
25029110
24416238
19295915
16569260
19015318
22125623
17387341
21966417
23562278
19015316
20425471
19390575
24871463
24884571
16168125
12911837
25528767
24597671
22929185
24244429
22132199
18695042
20956547
23922701
25121502
20956543
25409185
24255704
21106093
23990909
18842000
26122040
20803696
21886838
19478387
19478384
25912308
25912304
24424406
22784503
22815988
22767595
22507528
11157984
23335975
22549179
22927965
20421966
24457968
23580256
26475492
23284628
23173671
23360998
24376747
19775474
25210797
20096117
25210793
21483669
18627636
17767707
23324583
15987444
19889837
19549714
25283550
20876941
23390529
21948080
23112865
25584489
20042122
25129997
20562859
25943894
22341462
22449255
23545904
16162288
22449259
26327622
23874775
14993250
21743494
21743495
26064952
24901049
25972084
19462008
25365323
18985033
25766325
21559334
25766321
25434319
21264346
21264347
23853584
25789858
19834610
24867637
25058005
23935914
16549498
22186889
23013791
20678218
23013792
21283765
23197232
25421240
20346139
19903338
12177807
19903334
24571711
26094656
25501013
25702787
23573284
24025640
26018080
12241561
20532039
25491325
21669872
18433491
23469205
21669874
19674979
18096084
23549810
25318602
25896895
20668294
23343470
20180971
21034468
24407191
26240484
18822177
22920721
19421330
18636124
22511931
25193865
24747975
22586484
18728661
25933205
19330026
21593597
26046540
22848417
18728663
26254280
22629427
22102915
25070626
22171325
19874574
18394558
23800173
19966866
24618848
22647853
20926450
24498949
22558282
22391570
19208263
24849514
24628780
23806066
20380700
26044764
22833568
25909503
24550739
22731250
22833560
22298430
22833562
22833565
24268522
18505590
24586605
22130903
20664595
25025067
17700571
24022915
21383967
25100284
22016811
19898608
24205021
20529849
12556968
23429996
24901890
20003201
24393368
24188482
19340305
25928412
15184504
26331541
20123995
18803811
23045412
26070072
25754137
23786676
25875300
20727230
15860134
23289006
22768106
22768103
24967401
22919278
25906254
25816892
25775024
20440510
23437064
20437058
25611382
24708790
18813315
21826244
10477752
12507995
25170898
22289634
21689459
25816091
19763255
25243790
19575782
19575783
20041165
18159252
16457687
24932684
20123734
25116336
24614402
24489729
24040222
26158537
22396793
25915155
24492513
23762387
25222187
22558212
20508865
24086418
20504346
20504344
23613971
18762023
25990325
25086987
9298992
22043994
17878938
21266046
24058448
21349172
24622840
19018257
22849850
24569712
20808443
17925880
25162713
24763052
24763051
23251408
19626040
25961464
23553196
23114628
25605252
25401416
21886810
25605254
19403560
15951850
22641218
23844043
18507837
19046417
21624123
24647137
23775793
23967867
18549481
21589872
21152000
25427447
18681908
23459443
24265722
23145162
26181555
24823443
19799648
26025442
21106062
20505768
25885600
18851746
24880450
25928067
24988078
18466879
23708675
22112244
22870241
9660858
25820115
24520316
17709345
17535433
22361592
19001123
17285126
24797175
19412162
18985155
23285001
24369055
24628993
25565629
24180592
21533174
10601328
25699271
10224278
21347341
25333282
24004862
25633921
16636147
25816133
19933256
22917970
23483952
25312757
24281001
18559665
25283148
25051202
23423567
19484125
24205279
26161867
24241536
21360054
24039897
24622579
25122430
20150972
20020061
21079763
23762398
25600314
22463874
23082202
23646285
20195506
19881544
25533335
19881543
24945726
22675430
23503472
21320304
22971289
23039130
16622439
21738705
25695729
22644302
15935100
21191146
22733137
19686092
22662244
24587254
10893266
23615072
21646687
22235337
23056176
17207965
19290061
20459775
26121270
18412956
23246965
20146801
19690564
15967033
21799768
25980493
23860532
23800114
12923319
25313908
22298639
23384026
19888223
19036165
26251521
20139419
24712384
24013174
22863883
24875531
24886509
19657395
20216540
20216541
23739040
24040159
22534017
21288332
24098911
26104863
20585627
21625996
22252115
22475046
20529865
22132240
25428789
23380875
20197289
21407808
23049743
24001151
23535601
22082156
19172191
23383112
25905463
22768164
23919306
19298660
18928570
19298662
21487429
25514460
19788411
23185308
20881960
12486104
25398907
24204313
22323293
22323290
19327170
23235459
21217774
21689432
18647389
15353548
22593208
25626907
22593207
16683917
20190815
23057787
20843780
25250818
24809452
23982477
25688918
23936502
19293798
23152053
26517842
24478054
21917432
25774517
25886136
21738398
19678938
24373626
22851595
22319594
22850551
21457545
20348946
24586397
19727391
24416274
23922991
19457929
18662409
23029125
24091658
23880092
25880873
18594528
23446853
20150971
23383273
20579331
25855136
23271007
14676802
23383271
24811707
26384210
24267957
23675485
16723031
23675481
23839489
26379246
25000517
22615811
17262082
22589738
22589737
24349229
25724305
8217609
25091415
12085208
12085209
18227218
22629383
20957047
23145106
24282590
17353931
25764003
25739118
26100352
18419600
26009982
25884680
26203858
10359574
24358311
20011629
25888903
25799226
25830658
25799222
25119593
25536346
23649808
21829393
24597762
24473399
24451154
23222491
21858063
24743557
22676470
23423768
25378586
23496811
23496813
23563607
24521534
17300726
24238102
17650314
25393019
20629633
21513535
20565722
25853104
24204783
23935956
19648968
19648965
19883508
25347121
24779681
17622239
25890497
23457600
19943934
21390222
23322200
15461802
23292247
23497522
23297363
23139773
20436671
12235123
25376513
25361006
21345208
24885034
24357640
19838370
25607641
18822131
17786213
24040019
20520810
23384855
20862247
25311788
21646403
24336083
25209900
11748279
20418948
19148297
23758840
23071632
21331359
23132018
17640392
24586238
22701724
22901364
22901367
11739404
19492080
25557114
22194952
22782554
25651975
25743702
23049908
21060794
24366538
25760072
22713695
23734217
21324206
20957039
24714748
24329908
22988345
23739063
21814482
18335044
19580641
24141787
23209303
23209302
25710724
21754991
19656390
18583960
23801885
23046567
24786604
26120584
19270065
23724129
23151319
24292675
25181405
20540768
24505265
18611285
23671649
24292679
26222500
19684617
20233436
25220666
25130259
23828571
22235305
24258024
22362728
25886996
24874739
25849663
23704979
21909357
17397528
20459770
21526160
25404641
23710458
20886116
23295150
21336306
25777795
20388212
23185580
19558663
26029931
21336308
25277177
18230133
15583032
23591895
17003780
24489760
24810113
22911725
21739604
21832154
21453513
26213461
23263487
23189165
21488187
24030769
24898821
21048955
26205662
23249720
21394646
25322986
20177420
23119029
25583261
16174846
25209759
20071468
24023875
23811687
21386967
25775093
23133535
19690609
18833293
23133538
22984526
22619737
20383333
19923319
23232551
23603840
23318437
22514644
24403104
25855521
24465681
22815944
21647439
26989780
21740549
24733413
23817021
26147201
22240798
20877637
20877636
23585913
19847302
22649008
17636402
19367287
24966277
21829441
23511556
23511557
23145129
23614736
23110154
18288481
19382910
20422012
23128233
17927446
22190353
23298303
25849580
23166842
20144199
26031201
18831768
22918394
21365009
24410877
25576915
23242156
19558493
25659151
25659153
25659154
23300935
25784606
23877263
25184334
23822953
14612904
22558375
22558377
23139750
14612909
14612908
23696738
21119662
23696735
23776465
25336918
23770605
20229506
20357370
24434518
26301495
25391964
24889212
24434510
20333247
24040073
24245672
21203397
20333249
22892933
18612383
25379706
21970318
20523723
26102366
26102367
18726004
24024202
25599653
22092038
20809949
21060808
21232165
24949636
17452529
22589701
24497996
22395615
17505536
19500394
15252450
19156129
21253578
25608606
23109891
22751098
22408446
23987572
25479078
22238672
20731749
11597317
25372501
19725919
22805320
20102637
21674833
26082156
23586025
11266449
22666783
19060883
20807450
18408012
23409163
25355358
19487456
15743496
15743499
25153715
24509483
24509480
23630597
18611262
15784156
21901101
18958173
24559116
24053720
21150337
26196320
21911423
25422913
12135983
23841084
25846554
21857907
22916255
26265437
22279539
23076445
25455074
22479419
24340049
24314260
21470402
26268359
23023500
16768547
24937470
18769720
17698606
17936057
20436929
20661303
22797063
21394210
21394211
20573281
22618666
24836286
25954972
25803100
22952982
25109740
24113184
24113186
23232401
24113181
22782351
21575199
23114230
26276145
24981766
25380967
19506726
24722368
23555284
25367080
24739482
22520842
22899882
23437153
21949767
23555755
21297999
22348083
20579378
22333603
25644171
10579713
23715268
22920680
20660160
25738359
25803816
24718026
24875294
20351780
9128241
22911014
24732316
20844536
23936141
25216527
19546888
24533074
24757677
18197258
24964744
24675470
22650359
22685558
25341034
26036343
25341038
25245423
25105536
19274086
25951903
24911057
9922454
23650517
19366445
25756610
22581261
22935610
24886358
21451543
25397881
23985028
22815748
25885598
25602518
21908610
22336657
18190704
25862637
24247430
24393203
22561518
24921914
19603024
18803879
24981574
25268581
23907459
25103245
25586669
16551362
19648926
23374602
23548132
21399697
12434294
18030346
24809777
18030340
25702703
18710587
19043560
24918610
24704832
23892415
16603055
23519423
22761580
24485087
16265349
18218085
22558359
10684856
19604315
25425654
20618968
24740154
25430497
24567357
12796477
21439039
25880423
20398247
23028469
23658844
25837167
24086554
12237776
12237775
12237774
21890473
22286758
19232126
25956130
21060863
21060860
22829934
20628645
24155936
25382762
17505517
23231502
26459601
19156142
17498302
24038355
25364819
22912717
17214880
20102618
11720473
21931802
21614210
24494199
25622255
20418905
24398248
11266467
23709421
19277210
22216119
24788939
19364925
22880082
26062551
25519881
20885946
23095216
20459648
20459645
23392294
15477862
20003286
25742472
24577094
24913233
25129146
21901162
22264301
24559171
25786345
26083491
24672054
16129781
23691266
23704935
25261370
25176561
25705893
24496456
15175114
17342093
24223153
18483556
20817676
19702827
22976441
21712995
25604425
24952635
21988832
20520724
22117196
19807924
22031287
22129893
25639877
25537514
25537515
23146028
19933157
24086766
15831101
23754287
15597105
25134538
25659586
21908405
21603983
25941994
20819206
23935506
26125448
24341335
24720724
25879655
24755270
14580253
23667841
14580256
24662484
23922976
26039047
25385265
21242965
21242966
22216287
25632225
17177598
22216281
24555532
24509625
23874879
19530647
19169254
25865228
25539912
19266077
18542074
24789720
19546243
25637514
22646717
21338522
15522123
22984561
23570263
25175461
24157866
22046434
24386425
25531321
20703476
25164765
19114998
24810717
22815900
24349246
25704240
24223706
22412986
22563078
24758355
24629067
10499918
20694007
20689807
20453888
24349422
22077956
25237903
25190803
22438909
18725541
12860972
23792876
20932318
21338484
23658722
23874206
23658725
20140953
25872475
23650535
23650532
25874865
25396734
22723903
21602918
22696681
19551138
25162582
17608924
21559393
24975163
24983247
19267931
19779497
23451111
24853178
22022427
23571737
23736036
23345589
17565687
15967827
21887328
21119598
24952732
23624782
25176351
25176350
22622578
22672594
21738780
23951055
16464125
23284877
25292412
19002168
19343178
23803414
18435854
16646561
20540809
24466341
24090193
19633364
22107784
23074112
24287487
21575252
21822357
21957444
22792261
20729852
25344859
24086533
20729859
21390241
18208561
20686603
25743105
24236052
21060841
18612129
23544013
23544012
24196439
23336272
25300933
19505958
25329396
24171795
21457718
11807099
21917148
19953087
23443079
24893747
25897952
26062614
21103343
24209510
21472776
22689061
22469974
22384111
22292035
23409121
25939870
23409128
25884297
21110852
25668009
23356517
24657708
25985180
20074357
23594394
23560086
25742416
23170979
23594372
26248464
26460303
20701798
23585871
9569035
19061514
18347071
22139083
22362744
22989054
23704919
20051945
25500904
24078252
22729224
21253829
21284881
23752268
24528629
22096509
22809628
24013206
24204828
19684852
23484153
19684859
24321564
25785833
26169356
26047809
23463002
23279650
25189171
15082902
26496279
25650664
23591873
25757571
26102513
23168703
19515263
19800021
24819665
23168708
25027116
23724098
20929525
25123136
25886176
24097068
23680019
17672918
17672916
22267008
23866081
25925673
17903302
25821789
23110075
23555577
25821786
24571616
16464825
25032858
19709433
23555710
22675553
23437118
26238124
25194570
24837198
24511546
22504420
23175515
24477976
19223331
21895963
23424616
19667129
22928013
22928011
24503901
25427200
23339595
25773675
25359780
26209091
26032958
21994733
24386407
23318451
21479189
22629304
25271736
21386980
22842582
25691052
21875946
22685591
25969993
20659323
26067234
18843795
17982228
20496072
25367151
18725521
25372487
24830350
23326532
19750108
23728723
23300886
25879033
18497862
24743738
23971040
18781154
9687533
25140305
22024166
22695491
23650552
22024162
25179402
25428913
22363791
25436609
19396699
24098385
25428919
19219026
22815787
22162762
22162761
25333264
23072722
25551293
21490927
25888980
25607987
24209692
19581412
24934485
25957131
25522242
15869706
21444365
10995432
22745667
23227138
25288334
23320751
25378232
25643152
25420773
22013078
24152244
21893597
25273559
18349850
21909432
23097497
24384722
24384723
23027611
25138370
23175185
21251329
23989949
24708692
24444383
21261996
17700570
20969767
17211494
20041224
25919761
24416372
21970370
24937171
19995430
18664296
20729832
26116564
20959826
22837689
22974165
23846227
23544078
20943948
23176180
18266005
24651445
17505559
25079073
25437182
22848739
25091805
18923929
24223801
24683550
25294810
21483469
25961039
11720435
22586447
23308279
24629213
12538639
16079077
23082118
22792074
20936779
21589897
23870412
21760911
22880048
21249150
25136623
23851502
21203559
23282009
24955726
26280535
24236056
24691421
21324178
23886294
25186459
23848554
18660514
25278152
24766860
23405229
24386210
16048649
25127121
24782652
19486527
22964642
22964641
22101934
22417709
22266850
26119280
11401320
21558273
19706164
24691905
21625644
26063204
19910486
19917135
20455999
19154585
25909324
25652313
25868389
16507123
21326871
24134702
11857015
20107607
23100325
22429330
25757594
22516946
22363817
21427727
18182994
21427728
23940741
16288304
20419107
21264241
21708009
23391338
24204846
26234940
